

NDVI <- c(0.44696637988090515,
          0.520108699798584,
          0.6446384191513062,
          0.5254138708114624,
          0.6120921969413757,
          0.6714463829994202,
          0.6262217164039612,
          0.6566100120544434,
          0.6070467233657837)
          
DOI <-  c(90.4375,90.5625,97.5625,98.4375,
          104.4375,104.5625,106.4375,106.5625,107.5625)
